COOPID,WBANID,Prelim,year,month,day,Tmax,Tmin,Tobs,Tmean,Cdd,Hdd,Prcp,Flag,Snow,Flag,Snwd,meanTmean,meanTmax,meanTmin,highTmax,lowTmin,sumCdd,sumHdd,sumprcp,sumsnow
190770,14739, ,2000,01,1,50,27, ,39,0,26,0, ,0, ,0
190770,14739, ,2000,01,2,54,34, ,44,0,21,0.03, ,0, ,0
190770,14739, ,2000,01,3,64,43, ,54,0,11,0.03, ,0, ,0
190770,14739, ,2000,01,4,63,40, ,52,0,13,0.76, ,0, ,0
190770,14739, ,2000,01,5,49,22, ,36,0,29,0.23, ,0, ,0
190770,14739, ,2000,01,6,36,18, ,27,0,38,0, ,0, ,0
190770,14739, ,2000,01,7,45,31, ,38,0,27,0, ,0, ,0
190770,14739, ,2000,01,8,38,30, ,34,0,31,0, ,0, ,0
190770,14739, ,2000,01,9,51,34, ,43,0,22,0, ,0, ,0
190770,14739, ,2000,01,10,56,39, ,48,0,17,0.74, ,0, ,0
190770,14739, ,2000,01,11,55,41, ,48,0,17,T,null,0, ,0
190770,14739, ,2000,01,12,43,32, ,38,0,27,0, ,0, ,0
190770,14739, ,2000,01,13,32,13, ,23,0,42,0.10, ,9999.9,null,0
190770,14739, ,2000,01,14,16,7, ,12,0,53,0, ,0, ,5
190770,14739, ,2000,01,15,18,1, ,10,0,55,0, ,0, ,3
190770,14739, ,2000,01,16,41,14, ,28,0,37,T,null,9999.9,null,2
190770,14739, ,2000,01,17,17,0, ,9,0,56,0, ,0, ,T
190770,14739, ,2000,01,18,22,3, ,13,0,52,0, ,0, ,T
190770,14739, ,2000,01,19,21,7, ,14,0,51,T,null,T,null,T
190770,14739, ,2000,01,20,22,13, ,18,0,47,T,null,9999.9,null,T
190770,14739, ,2000,01,21,19,4, ,12,0,53,0.02, ,0.4, ,4
190770,14739, ,2000,01,22,14,2, ,8,0,57,0, ,0, ,2
190770,14739, ,2000,01,23,22,7, ,15,0,50,0, ,0, ,1
190770,14739, ,2000,01,24,32,20, ,26,0,39,0, ,0, ,1
190770,14739, ,2000,01,25,35,24, ,30,0,35,0.49, ,3.5, ,T
190770,14739, ,2000,01,26,32,21, ,27,0,38,0.01, ,T,null,3
190770,14739, ,2000,01,27,22,7, ,15,0,50,T,null,T,null,3
190770,14739, ,2000,01,28,19,5, ,12,0,53,0, ,0, ,3
190770,14739, ,2000,01,29,33,12, ,23,0,42,0, ,0, ,3
190770,14739, ,2000,01,30,47,18, ,33,0,32,0, ,0, ,0
190770,14739, ,2000,01,31,38,30, ,34,0,31,0.21, ,0.5, ,2,27.5,35.7,19.3,64,0,0,1152,2.62,4.4

190770,14739, ,2000,02,1,35,26, ,31,0,34,0, ,0, ,2
190770,14739, ,2000,02,2,29,18, ,24,0,41,0, ,0, ,2
190770,14739, ,2000,02,3,30,15, ,23,0,42,T,null,9999.9,null,2
190770,14739, ,2000,02,4,28,22, ,25,0,40,0.01, ,9999.9,null,2
190770,14739, ,2000,02,5,35,25, ,30,0,35,0.01, ,9999.9,null,2
190770,14739, ,2000,02,6,33,24, ,29,0,36,T,null,T,null,2
190770,14739, ,2000,02,7,42,20, ,31,0,34,T,null,T,null,2
190770,14739, ,2000,02,8,28,13, ,21,0,44,0, ,0, ,1
190770,14739, ,2000,02,9,45,21, ,33,0,32,0, ,0, ,1
190770,14739, ,2000,02,10,44,31, ,38,0,27,0, ,0, ,T
190770,14739, ,2000,02,11,44,28, ,36,0,29,0.05, ,0, ,T
190770,14739, ,2000,02,12,32,21, ,27,0,38,0, ,0, ,T
190770,14739, ,2000,02,13,36,19, ,28,0,37,0, ,0, ,T
190770,14739, ,2000,02,14,57,32, ,45,0,20,0.98, ,0, ,0
190770,14739, ,2000,02,15,44,32, ,38,0,27,T,null,0, ,0
190770,14739, ,2000,02,16,49,28, ,39,0,26,0.01, ,9999.9,null,0
190770,14739, ,2000,02,17,37,20, ,29,0,36,T,null,T,null,T
190770,14739, ,2000,02,18,33,20, ,27,0,38,0.57, ,9999.9,null,0
190770,14739, ,2000,02,19,33,24, ,29,0,36,0.10, ,9999.9,null,7
190770,14739, ,2000,02,20,37,29, ,33,0,32,0.01, ,9999.9,null,8
190770,14739, ,2000,02,21,40,28, ,34,0,31,T,null,T,null,6
190770,14739, ,2000,02,22,44,24, ,34,0,31,0, ,0, ,4
190770,14739, ,2000,02,23,52,32, ,42,0,23,0, ,0, ,3
190770,14739, ,2000,02,24,61,43, ,52,0,13,0.05, ,0, ,T
190770,14739, ,2000,02,25,47,36, ,42,0,23,0.49, ,0, ,T
190770,14739, ,2000,02,26,41,36, ,39,0,26,0.03, ,0, ,T
190770,14739, ,2000,02,27,61,39, ,50,0,15,T,null,0, ,0
190770,14739, ,2000,02,28,55,39, ,47,0,18,0.24, ,0, ,0
190770,14739, ,2000,02,29,49,35, ,42,0,23,T,null,0, ,0,34.2,41.4,26.9,61,13,0,887,2.55,0

190770,14739, ,2000,03,1,45,38, ,42,0,23,0, ,0, ,0
190770,14739, ,2000,03,2,49,38, ,44,0,21,0.01, ,0, ,0
190770,14739, ,2000,03,3,47,34, ,41,0,24,0, ,0, ,0
190770,14739, ,2000,03,4,53,33, ,43,0,22,0, ,0, ,0
190770,14739, ,2000,03,5,51,39, ,45,0,20,T,null,0, ,0
190770,14739, ,2000,03,6,49,35, ,42,0,23,0, ,0, ,0
190770,14739, ,2000,03,7,62,33, ,48,0,17,T,null,0, ,0
190770,14739, ,2000,03,8,48,40, ,44,0,21,T,null,0, ,0
190770,14739, ,2000,03,9,72,41, ,57,0,8,0.01, ,0, ,0
190770,14739, ,2000,03,10,57,36, ,47,0,18,T,null,0, ,0
190770,14739, ,2000,03,11,40,36, ,38,0,27,0.88, ,0, ,0
190770,14739, ,2000,03,12,41,34, ,38,0,27,0.55, ,T,null,0
190770,14739, ,2000,03,13,41,31, ,36,0,29,0, ,0, ,0
190770,14739, ,2000,03,14,53,28, ,41,0,24,0, ,0, ,0
190770,14739, ,2000,03,15,61,35, ,48,0,17,0, ,0, ,0
190770,14739, ,2000,03,16,71,40, ,56,0,9,0.20, ,0, ,0
190770,14739, ,2000,03,17,40,22, ,31,0,34,0.77, ,2.0, ,T
190770,14739, ,2000,03,18,32,16, ,24,0,41,0, ,0, ,2
190770,14739, ,2000,03,19,37,25, ,31,0,34,0, ,0, ,T
190770,14739, ,2000,03,20,40,32, ,36,0,29,T,null,0, ,0
190770,14739, ,2000,03,21,40,35, ,38,0,27,T,null,0, ,0
190770,14739, ,2000,03,22,44,36, ,40,0,25,T,null,0, ,0
190770,14739, ,2000,03,23,52,32, ,42,0,23,0, ,0, ,0
190770,14739, ,2000,03,24,52,43, ,48,0,17,0, ,0, ,0
190770,14739, ,2000,03,25,64,35, ,50,0,15,T,null,0, ,0
190770,14739, ,2000,03,26,64,46, ,55,0,10,T,null,0, ,0
190770,14739, ,2000,03,27,59,40, ,50,0,15,0, ,0, ,0
190770,14739, ,2000,03,28,57,45, ,51,0,14,1.00, ,0, ,0
190770,14739, ,2000,03,29,57,44, ,51,0,14,0.17, ,0, ,0
190770,14739, ,2000,03,30,51,42, ,47,0,18,0, ,0, ,0
190770,14739, ,2000,03,31,54,38, ,46,0,19,0, ,0, ,0,43.3,51.1,35.5,72,16,0,665,3.59,2.0

190770,14739, ,2000,04,1,61,39, ,50,0,15,0, ,0, ,0
190770,14739, ,2000,04,2,68,46, ,57,0,8,0, ,0, ,0
190770,14739, ,2000,04,3,56,45, ,51,0,14,T,null,0, ,0
190770,14739, ,2000,04,4,66,43, ,55,0,10,0.26, ,0, ,0
190770,14739, ,2000,04,5,53,39, ,46,0,19,0, ,0, ,0
190770,14739, ,2000,04,6,58,37, ,48,0,17,0.02, ,0, ,0
190770,14739, ,2000,04,7,62,45, ,54,0,11,0, ,0, ,0
190770,14739, ,2000,04,8,75,45, ,60,0,5,0.14, ,0, ,0
190770,14739, ,2000,04,9,61,34, ,48,0,17,0.51, ,T,null,0
190770,14739, ,2000,04,10,51,37, ,44,0,21,0, ,0, ,0
190770,14739, ,2000,04,11,46,35, ,41,0,24,0.07, ,0, ,0
190770,14739, ,2000,04,12,49,36, ,43,0,22,0.01, ,0, ,0
190770,14739, ,2000,04,13,50,34, ,42,0,23,0, ,0, ,0
190770,14739, ,2000,04,14,56,35, ,46,0,19,0, ,0, ,0
190770,14739, ,2000,04,15,70,44, ,57,0,8,0, ,0, ,0
190770,14739, ,2000,04,16,65,47, ,56,0,9,0.12, ,0, ,0
190770,14739, ,2000,04,17,48,39, ,44,0,21,T,null,0, ,0
190770,14739, ,2000,04,18,45,40, ,43,0,22,0.45, ,0, ,0
190770,14739, ,2000,04,19,43,41, ,42,0,23,0.25, ,0, ,0
190770,14739, ,2000,04,20,54,41, ,48,0,17,0.01, ,0, ,0
190770,14739, ,2000,04,21,47,42, ,45,0,20,1.02, ,0, ,0
190770,14739, ,2000,04,22,46,42, ,44,0,21,1.50, ,0, ,0
190770,14739, ,2000,04,23,48,42, ,45,0,20,0.24, ,0, ,0
190770,14739, ,2000,04,24,52,42, ,47,0,18,0, ,0, ,0
190770,14739, ,2000,04,25,47,38, ,43,0,22,0, ,0, ,0
190770,14739, ,2000,04,26,41,35, ,38,0,27,0.41, ,T,null,0
190770,14739, ,2000,04,27,50,37, ,44,0,21,0.01, ,0, ,0
190770,14739, ,2000,04,28,53,41, ,47,0,18,T,null,0, ,0
190770,14739, ,2000,04,29,51,39, ,45,0,20,T,null,0, ,0
190770,14739, ,2000,04,30,60,47, ,54,0,11,T,null,0, ,0,47.3,54.4,40.2,75,34,0,523,5.02,0

190770,14739, ,2000,05,1,65,42, ,54,0,11,0, ,0, ,0
190770,14739, ,2000,05,2,65,46, ,56,0,9,0.17, ,0, ,0
190770,14739, ,2000,05,3,59,43, ,51,0,14,0, ,0, ,0
190770,14739, ,2000,05,4,69,44, ,57,0,8,T,null,0, ,0
190770,14739, ,2000,05,5,81,55, ,68,3,0,T,null,0, ,0
190770,14739, ,2000,05,6,69,50, ,60,0,5,0.01, ,0, ,0
190770,14739, ,2000,05,7,91,50, ,71,6,0,0, ,0, ,0
190770,14739, ,2000,05,8,86,56, ,71,6,0,0.05, ,0, ,0
190770,14739, ,2000,05,9,65,47, ,56,0,9,0, ,0, ,0
190770,14739, ,2000,05,10,50,46, ,48,0,17,0.61, ,0, ,0
190770,14739, ,2000,05,11,66,44, ,55,0,10,0.02, ,0, ,0
190770,14739, ,2000,05,12,67,50, ,59,0,6,0, ,0, ,0
190770,14739, ,2000,05,13,59,49, ,54,0,11,0.26, ,0, ,0
190770,14739, ,2000,05,14,70,50, ,60,0,5,0.09, ,0, ,0
190770,14739, ,2000,05,15,63,49, ,56,0,9,0, ,0, ,0
190770,14739, ,2000,05,16,67,47, ,57,0,8,0, ,0, ,0
190770,14739, ,2000,05,17,65,53, ,59,0,6,0, ,0, ,0
190770,14739, ,2000,05,18,71,54, ,63,0,2,0.14, ,0, ,0
190770,14739, ,2000,05,19,63,43, ,53,0,12,0.37, ,0, ,0
190770,14739, ,2000,05,20,54,44, ,49,0,16,T,null,0, ,0
190770,14739, ,2000,05,21,53,49, ,51,0,14,0.01, ,0, ,0
190770,14739, ,2000,05,22,56,47, ,52,0,13,0.06, ,0, ,0
190770,14739, ,2000,05,23,57,47, ,52,0,13,0.31, ,0, ,0
190770,14739, ,2000,05,24,66,50, ,58,0,7,0.71, ,0, ,0
190770,14739, ,2000,05,25,72,49, ,61,0,4,0.07, ,0, ,0
190770,14739, ,2000,05,26,72,55, ,64,0,1,0, ,0, ,0
190770,14739, ,2000,05,27,74,55, ,65,0,0,0, ,0, ,0
190770,14739, ,2000,05,28,61,52, ,57,0,8,T,null,0, ,0
190770,14739, ,2000,05,29,57,47, ,52,0,13,0, ,0, ,0
190770,14739, ,2000,05,30,58,46, ,52,0,13,0, ,0, ,0
190770,14739, ,2000,05,31,72,45, ,59,0,6,0, ,0, ,0,57.2,65.9,48.5,91,42,15,250,2.88,0

190770,14739, ,2000,06,1,82,57, ,70,5,0,0, ,0, ,0
190770,14739, ,2000,06,2,88,66, ,77,12,0,0.52, ,0, ,0
190770,14739, ,2000,06,3,71,57, ,64,0,1,0, ,0, ,0
190770,14739, ,2000,06,4,70,53, ,62,0,3,T,null,0, ,0
190770,14739, ,2000,06,5,61,54, ,58,0,7,0, ,0, ,0
190770,14739, ,2000,06,6,56,47, ,52,0,13,4.00, ,0, ,0
190770,14739, ,2000,06,7,69,46, ,58,0,7,0.24, ,0, ,0
190770,14739, ,2000,06,8,75,51, ,63,0,2,0, ,0, ,0
190770,14739, ,2000,06,9,80,63, ,72,7,0,T,null,0, ,0
190770,14739, ,2000,06,10,90,56, ,73,8,0,0, ,0, ,0
190770,14739, ,2000,06,11,61,51, ,56,0,9,0.49, ,0, ,0
190770,14739, ,2000,06,12,54,51, ,53,0,12,0.20, ,0, ,0
190770,14739, ,2000,06,13,59,52, ,56,0,9,0.07, ,0, ,0
190770,14739, ,2000,06,14,61,53, ,57,0,8,0.05, ,0, ,0
190770,14739, ,2000,06,15,68,57, ,63,0,2,0, ,0, ,0
190770,14739, ,2000,06,16,88,63, ,76,11,0,0, ,0, ,0
190770,14739, ,2000,06,17,92,69, ,81,16,0,0.22, ,0, ,0
190770,14739, ,2000,06,18,74,59, ,67,2,0,0.26, ,0, ,0
190770,14739, ,2000,06,19,69,59, ,64,0,1,T,null,0, ,0
190770,14739, ,2000,06,20,79,60, ,70,5,0,0, ,0, ,0
190770,14739, ,2000,06,21,83,61, ,72,7,0,0, ,0, ,0
190770,14739, ,2000,06,22,85,69, ,77,12,0,0.03, ,0, ,0
190770,14739, ,2000,06,23,82,67, ,75,10,0,0, ,0, ,0
190770,14739, ,2000,06,24,73,63, ,68,3,0,0, ,0, ,0
190770,14739, ,2000,06,25,86,64, ,75,10,0,0, ,0, ,0
190770,14739, ,2000,06,26,82,68, ,75,10,0,0.04, ,0, ,0
190770,14739, ,2000,06,27,91,67, ,79,14,0,0.39, ,0, ,0
190770,14739, ,2000,06,28,82,67, ,75,10,0,T,null,0, ,0
190770,14739, ,2000,06,29,73,63, ,68,3,0,0.10, ,0, ,0
190770,14739, ,2000,06,30,79,63, ,71,6,0,T,null,0, ,0,67.3,75.4,59.2,92,46,151,74,6.61,0

190770,14739, ,2000,07,1,77,63, ,70,5,0,0, ,0, ,0
190770,14739, ,2000,07,2,84,63, ,74,9,0,0, ,0, ,0
190770,14739, ,2000,07,3,87,68, ,78,13,0,0, ,0, ,0
190770,14739, ,2000,07,4,83,68, ,76,11,0,T,null,0, ,0
190770,14739, ,2000,07,5,84,64, ,74,9,0,0, ,0, ,0
190770,14739, ,2000,07,6,79,59, ,69,4,0,0, ,0, ,0
190770,14739, ,2000,07,7,73,58, ,66,1,0,0.12, ,0, ,0
190770,14739, ,2000,07,8,79,55, ,67,2,0,0, ,0, ,0
190770,14739, ,2000,07,9,81,64, ,73,8,0,0.47, ,0, ,0
190770,14739, ,2000,07,10,86,68, ,77,12,0,T,null,0, ,0
190770,14739, ,2000,07,11,82,64, ,73,8,0,0, ,0, ,0
190770,14739, ,2000,07,12,85,62, ,74,9,0,0, ,0, ,0
190770,14739, ,2000,07,13,83,67, ,75,10,0,0, ,0, ,0
190770,14739, ,2000,07,14,83,66, ,75,10,0,0, ,0, ,0
190770,14739, ,2000,07,15,76,65, ,71,6,0,0.56, ,0, ,0
190770,14739, ,2000,07,16,72,63, ,68,3,0,0.97, ,0, ,0
190770,14739, ,2000,07,17,68,59, ,64,0,1,T,null,0, ,0
190770,14739, ,2000,07,18,83,65, ,74,9,0,0.60, ,0, ,0
190770,14739, ,2000,07,19,70,61, ,66,1,0,0, ,0, ,0
190770,14739, ,2000,07,20,68,58, ,63,0,2,0, ,0, ,0
190770,14739, ,2000,07,21,81,59, ,70,5,0,0.03, ,0, ,0
190770,14739, ,2000,07,22,81,64, ,73,8,0,0.14, ,0, ,0
190770,14739, ,2000,07,23,80,62, ,71,6,0,0, ,0, ,0
190770,14739, ,2000,07,24,75,63, ,69,4,0,0, ,0, ,0
190770,14739, ,2000,07,25,70,64, ,67,2,0,T,null,0, ,0
190770,14739, ,2000,07,26,65,61, ,63,0,2,0.40, ,0, ,0
190770,14739, ,2000,07,27,65,62, ,64,0,1,1.35, ,0, ,0
190770,14739, ,2000,07,28,70,62, ,66,1,0,0.01, ,0, ,0
190770,14739, ,2000,07,29,79,63, ,71,6,0,T,null,0, ,0
190770,14739, ,2000,07,30,74,65, ,70,5,0,0.04, ,0, ,0
190770,14739, ,2000,07,31,66,63, ,65,0,0,0.51, ,0, ,0,70.0,77.1,62.8,87,55,167,6,5.20,0

190770,14739, ,2000,08,1,66,63, ,65,0,0,0.06, ,0, ,0
190770,14739, ,2000,08,2,73,64, ,69,4,0,T,null,0, ,0
190770,14739, ,2000,08,3,82,69, ,76,11,0,0.07, ,0, ,0
190770,14739, ,2000,08,4,81,67, ,74,9,0,T,null,0, ,0
190770,14739, ,2000,08,5,78,65, ,72,7,0,0, ,0, ,0
190770,14739, ,2000,08,6,81,64, ,73,8,0,0.01, ,0, ,0
190770,14739, ,2000,08,7,89,68, ,79,14,0,0.01, ,0, ,0
190770,14739, ,2000,08,8,87,75, ,81,16,0,0, ,0, ,0
190770,14739, ,2000,08,9,88,71, ,80,15,0,T,null,0, ,0
190770,14739, ,2000,08,10,85,70, ,78,13,0,0.08, ,0, ,0
190770,14739, ,2000,08,11,76,67, ,72,7,0,0, ,0, ,0
190770,14739, ,2000,08,12,72,64, ,68,3,0,0, ,0, ,0
190770,14739, ,2000,08,13,71,61, ,66,1,0,0.11, ,0, ,0
190770,14739, ,2000,08,14,66,62, ,64,0,1,0.41, ,0, ,0
190770,14739, ,2000,08,15,71,63, ,67,2,0,0.01, ,0, ,0
190770,14739, ,2000,08,16,80,65, ,73,8,0,0.91, ,0, ,0
190770,14739, ,2000,08,17,74,60, ,67,2,0,0, ,0, ,0
190770,14739, ,2000,08,18,71,56, ,64,0,1,0.13, ,0, ,0
190770,14739, ,2000,08,19,75,62, ,69,4,0,0.05, ,0, ,0
190770,14739, ,2000,08,20,72,58, ,65,0,0,0, ,0, ,0
190770,14739, ,2000,08,21,75,56, ,66,1,0,0, ,0, ,0
190770,14739, ,2000,08,22,78,59, ,69,4,0,0, ,0, ,0
190770,14739, ,2000,08,23,75,61, ,68,3,0,0.37, ,0, ,0
190770,14739, ,2000,08,24,78,63, ,71,6,0,0, ,0, ,0
190770,14739, ,2000,08,25,77,63, ,70,5,0,0, ,0, ,0
190770,14739, ,2000,08,26,79,62, ,71,6,0,0, ,0, ,0
190770,14739, ,2000,08,27,85,63, ,74,9,0,0, ,0, ,0
190770,14739, ,2000,08,28,72,62, ,67,2,0,0, ,0, ,0
190770,14739, ,2000,08,29,72,58, ,65,0,0,0, ,0, ,0
190770,14739, ,2000,08,30,75,58, ,67,2,0,0, ,0, ,0
190770,14739, ,2000,08,31,86,67, ,77,12,0,0, ,0, ,0,70.3,77.1,63.4,89,56,174,2,2.22,0

190770,14739, ,2000,09,1,87,73, ,80,15,0,0, ,0, ,0
190770,14739, ,2000,09,2,76,61, ,69,4,0,0.66, ,0, ,0
190770,14739, ,2000,09,3,69,61, ,65,0,0,0, ,0, ,0
190770,14739, ,2000,09,4,74,58, ,66,1,0,0.07, ,0, ,0
190770,14739, ,2000,09,5,62,49, ,56,0,9,0, ,0, ,0
190770,14739, ,2000,09,6,62,49, ,56,0,9,0, ,0, ,0
190770,14739, ,2000,09,7,75,51, ,63,0,2,0, ,0, ,0
190770,14739, ,2000,09,8,80,56, ,68,3,0,0, ,0, ,0
190770,14739, ,2000,09,9,83,68, ,76,11,0,0, ,0, ,0
190770,14739, ,2000,09,10,70,60, ,65,0,0,0, ,0, ,0
190770,14739, ,2000,09,11,76,59, ,68,3,0,0, ,0, ,0
190770,14739, ,2000,09,12,83,61, ,72,7,0,0, ,0, ,0
190770,14739, ,2000,09,13,80,63, ,72,7,0,0.10, ,0, ,0
190770,14739, ,2000,09,14,73,57, ,65,0,0,0, ,0, ,0
190770,14739, ,2000,09,15,70,60, ,65,0,0,0.94, ,0, ,0
190770,14739, ,2000,09,16,68,53, ,61,0,4,0, ,0, ,0
190770,14739, ,2000,09,17,70,50, ,60,0,5,0, ,0, ,0
190770,14739, ,2000,09,18,78,59, ,69,4,0,0, ,0, ,0
190770,14739, ,2000,09,19,78,61, ,70,5,0,0.52, ,0, ,0
190770,14739, ,2000,09,20,81,63, ,72,7,0,0.01, ,0, ,0
190770,14739, ,2000,09,21,78,60, ,69,4,0,0.01, ,0, ,0
190770,14739, ,2000,09,22,68,55, ,62,0,3,0, ,0, ,0
190770,14739, ,2000,09,23,70,51, ,61,0,4,T,null,0, ,0
190770,14739, ,2000,09,24,75,54, ,65,0,0,T,null,0, ,0
190770,14739, ,2000,09,25,60,48, ,54,0,11,0, ,0, ,0
190770,14739, ,2000,09,26,56,51, ,54,0,11,0.56, ,0, ,0
190770,14739, ,2000,09,27,68,47, ,58,0,7,0, ,0, ,0
190770,14739, ,2000,09,28,61,42, ,52,0,13,0, ,0, ,0
190770,14739, ,2000,09,29,53,38, ,46,0,19,0, ,0, ,0
190770,14739, ,2000,09,30,65,43, ,54,0,11,0, ,0, ,0,63.5,71.6,55.4,87,38,71,108,2.87,0

190770,14739, ,2000,10,1,70,50, ,60,0,5,0, ,0, ,0
190770,14739, ,2000,10,2,62,51, ,57,0,8,0, ,0, ,0
190770,14739, ,2000,10,3,80,53, ,67,2,0,0, ,0, ,0
190770,14739, ,2000,10,4,73,54, ,64,0,1,0.10, ,0, ,0
190770,14739, ,2000,10,5,58,53, ,56,0,9,0.33, ,0, ,0
190770,14739, ,2000,10,6,59,53, ,56,0,9,0.30, ,0, ,0
190770,14739, ,2000,10,7,62,49, ,56,0,9,0, ,0, ,0
190770,14739, ,2000,10,8,55,43, ,49,0,16,0, ,0, ,0
190770,14739, ,2000,10,9,43,40, ,42,0,23,T,null,0, ,0
190770,14739, ,2000,10,10,51,38, ,45,0,20,0, ,0, ,0
190770,14739, ,2000,10,11,66,41, ,54,0,11,0, ,0, ,0
190770,14739, ,2000,10,12,69,44, ,57,0,8,0, ,0, ,0
190770,14739, ,2000,10,13,74,48, ,61,0,4,0, ,0, ,0
190770,14739, ,2000,10,14,80,55, ,68,3,0,0, ,0, ,0
190770,14739, ,2000,10,15,75,54, ,65,0,0,0, ,0, ,0
190770,14739, ,2000,10,16,54,42, ,48,0,17,0.26, ,0, ,0
190770,14739, ,2000,10,17,53,42, ,48,0,17,T,null,0, ,0
190770,14739, ,2000,10,18,57,51, ,54,0,11,1.03, ,0, ,0
190770,14739, ,2000,10,19,61,49, ,55,0,10,0.05, ,0, ,0
190770,14739, ,2000,10,20,65,46, ,56,0,9,0, ,0, ,0
190770,14739, ,2000,10,21,74,50, ,62,0,3,0, ,0, ,0
190770,14739, ,2000,10,22,58,42, ,50,0,15,0, ,0, ,0
190770,14739, ,2000,10,23,52,39, ,46,0,19,0, ,0, ,0
190770,14739, ,2000,10,24,68,43, ,56,0,9,0, ,0, ,0
190770,14739, ,2000,10,25,63,51, ,57,0,8,0, ,0, ,0
190770,14739, ,2000,10,26,71,50, ,61,0,4,0, ,0, ,0
190770,14739, ,2000,10,27,65,52, ,59,0,6,0, ,0, ,0
190770,14739, ,2000,10,28,60,35, ,48,0,17,0, ,0, ,0
190770,14739, ,2000,10,29,40,34, ,37,0,28,T,null,T,null,0
190770,14739, ,2000,10,30,46,33, ,40,0,25,0.56, ,T,null,0
190770,14739, ,2000,10,31,48,42, ,45,0,20,0.23, ,0, ,0,53.9,61.7,46.0,80,33,5,341,2.86,0

190770,14739, ,2000,11,1,56,41, ,49,0,16,0, ,0, ,0
190770,14739, ,2000,11,2,63,45, ,54,0,11,0, ,0, ,0
190770,14739, ,2000,11,3,60,46, ,53,0,12,0, ,0, ,0
190770,14739, ,2000,11,4,66,46, ,56,0,9,T,null,0, ,0
190770,14739, ,2000,11,5,49,42, ,46,0,19,0.68, ,0, ,0
190770,14739, ,2000,11,6,52,41, ,47,0,18,T,null,0, ,0
190770,14739, ,2000,11,7,59,41, ,50,0,15,0, ,0, ,0
190770,14739, ,2000,11,8,53,46, ,50,0,15,0, ,0, ,0
190770,14739, ,2000,11,9,52,44, ,48,0,17,0, ,0, ,0
190770,14739, ,2000,11,10,50,47, ,49,0,16,1.46, ,0, ,0
190770,14739, ,2000,11,11,53,47, ,50,0,15,0.26, ,0, ,0
190770,14739, ,2000,11,12,56,45, ,51,0,14,0, ,0, ,0
190770,14739, ,2000,11,13,47,42, ,45,0,20,T,null,0, ,0
190770,14739, ,2000,11,14,51,46, ,49,0,16,0.71, ,0, ,0
190770,14739, ,2000,11,15,49,39, ,44,0,21,0.01, ,0, ,0
190770,14739, ,2000,11,16,48,39, ,44,0,21,0, ,0, ,0
190770,14739, ,2000,11,17,54,38, ,46,0,19,0, ,0, ,0
190770,14739, ,2000,11,18,46,34, ,40,0,25,0, ,0, ,0
190770,14739, ,2000,11,19,45,35, ,40,0,25,0, ,0, ,0
190770,14739, ,2000,11,20,45,30, ,38,0,27,T,null,0, ,0
190770,14739, ,2000,11,21,42,33, ,38,0,27,0, ,0, ,0
190770,14739, ,2000,11,22,37,30, ,34,0,31,0, ,0, ,0
190770,14739, ,2000,11,23,35,25, ,30,0,35,0, ,0, ,0
190770,14739, ,2000,11,24,30,19, ,25,0,40,0, ,0, ,0
190770,14739, ,2000,11,25,35,17, ,26,0,39,0, ,0, ,0
190770,14739, ,2000,11,26,49,32, ,41,0,24,1.22, ,0, ,0
190770,14739, ,2000,11,27,52,43, ,48,0,17,T,null,0, ,0
190770,14739, ,2000,11,28,50,43, ,47,0,18,0, ,0, ,0
190770,14739, ,2000,11,29,49,40, ,45,0,20,0.02, ,0, ,0
190770,14739, ,2000,11,30,42,36, ,39,0,26,0.15, ,T,null,0,43.8,49.2,38.4,66,17,0,628,4.51,0

190770,14739, ,2000,12,1,41,28, ,35,0,30,0, ,0, ,0
190770,14739, ,2000,12,2,31,22, ,27,0,38,0, ,0, ,0
190770,14739, ,2000,12,3,35,19, ,27,0,38,0, ,0, ,0
190770,14739, ,2000,12,4,44,25, ,35,0,30,0, ,0, ,0
190770,14739, ,2000,12,5,48,26, ,37,0,28,0, ,0, ,0
190770,14739, ,2000,12,6,32,22, ,27,0,38,0, ,0, ,0
190770,14739, ,2000,12,7,33,22, ,28,0,37,0, ,0, ,0
190770,14739, ,2000,12,8,22,16, ,19,0,46,T,null,9999.9,null,1
190770,14739, ,2000,12,9,31,17, ,24,0,41,0, ,0, ,0
190770,14739, ,2000,12,10,34,17, ,26,0,39,T,null,0.2, ,T
190770,14739, ,2000,12,11,41,32, ,37,0,28,0.06, ,T,null,0
190770,14739, ,2000,12,12,54,24, ,39,0,26,0.02, ,0, ,0
190770,14739, ,2000,12,13,29,18, ,24,0,41,0, ,0, ,0
190770,14739, ,2000,12,14,41,27, ,34,0,31,0.80, ,1.4, ,1
190770,14739, ,2000,12,15,35,23, ,29,0,36,0, ,0, ,T
190770,14739, ,2000,12,16,44,30, ,37,0,28,0.11, ,0, ,T
190770,14739, ,2000,12,17,64,39, ,52,0,13,2.67, ,0, ,0
190770,14739, ,2000,12,18,40,30, ,35,0,30,0.01, ,0, ,0
190770,14739, ,2000,12,19,39,28, ,34,0,31,0.21, ,0, ,0
190770,14739, ,2000,12,20,33,25, ,29,0,36,0.18, ,0.8, ,T
190770,14739, ,2000,12,21,32,22, ,27,0,38,0, ,0, ,T
190770,14739, ,2000,12,22,32,25, ,29,0,36,T,null,9999.9,null,T
190770,14739, ,2000,12,23,30,17, ,24,0,41,0, ,0, ,T
190770,14739, ,2000,12,24,32,22, ,27,0,38,T,null,T,null,0
190770,14739, ,2000,12,25,28,10, ,19,0,46,0, ,0, ,0
190770,14739, ,2000,12,26,27,8, ,18,0,47,0, ,0, ,0
190770,14739, ,2000,12,27,32,21, ,27,0,38,0, ,0, ,0
190770,14739, ,2000,12,28,24,18, ,21,0,44,T,null,T,null,0
190770,14739, ,2000,12,29,33,19, ,26,0,39,0, ,0, ,0
190770,14739, ,2000,12,30,39,21, ,30,0,35,0.61, ,T,null,0
190770,14739, ,2000,12,31,32,25, ,29,0,36,T,null,9999.9,null,T,29.2,35.9,22.5,64,8,0,1103,4.67,2.4

